1
4500
75
200
10
100
6000
3000
3000
3000
3000
3000
6000
6000
3000
3000
3000
3000
3000
6000
6000
3000
3000
3000
3000
3000
6000
6000
2500
2500
2500
2500
2500
6000
6000
2500
2500
2500
2500
2500
6000
6000
2500
2500
2500
2500
2500
6000
6000
3000
3000
3000
3000
3000
6000
6000
3000
3000
3000
3000
3000
6000
6000
3000
3000
3000
3000
3000
6000
6000
5000
5000
5000
5000
5000
6000
6000
5000
5000
5000
5000
5000
6000
6000
5000
5000
5000
5000
5000
6000
6000
5000
5000
5000
5000
5000
6000
6000
5000
5000
5000
5000
5000
6000
6000
5000
5000
5000
5000
5000
6000
6000
5000
5000
5000
5000
5000
6000
6000
5000
5000
5000
5000
5000
6000
10000
5000
5000
5000
5000
5000
6000
10000
5000
5000
5000
5000
5000
6000
10000
5000
5000
5000
5000
5000
6000
10000
5000
5000
5000
5000
5000
6000
10000
5000
5000
5000
5000
5000
6000
10000
5000
5000
5000
5000
5000
6000
10000
5000
5000
5000
5000
5000
6000
1/1/0001 12:00:00 AM
1/1/0001 12:00:00 AM
0
